,subreddit,comment_count,submission_count,total_activity
0,FreeKarma4U,16601933,187400,16789333
2,AskReddit,12978863,2243150,15222013
1,TrueFMK,14206227,0,14206227
3,wallstreetbets,9517938,445794,9963732
5,memes,4535829,884399,5420228
4,news,5172192,98586,5270778
7,teenagers,4067520,946864,5014384
6,politics,4284028,82405,4366433
8,CryptoCurrency,3732975,213216,3946191
9,FreeKarma4You,3605131,135602,3740733
11,CryptoMoonShots,3453880,200497,3654377
10,worldnews,3531621,85819,3617440
12,PublicFreakout,3208212,46920,3255132
13,AmItheAsshole,2726118,302661,3028779
20,relationship_advice,2015909,661765,2677674
15,Superstonk,2345134,209931,2555065
17,amcstock,2331619,102554,2434173
14,facepalm,2387020,45542,2432562
16,nba,2334614,90114,2424728
18,soccer,2258054,69048,2327102
19,shitposting,2069701,202023,2271724
22,conspiracy,1844386,112668,1957054
26,KGBTR,1673847,276170,1950017
25,unpopularopinion,1676085,260989,1937074
23,interestingasfuck,1821770,80949,1902719
21,gonewild,1871031,0,1871031
24,Conservative,1794962,60440,1855402
27,nfl,1610396,50704,1661100
31,funny,1384154,184520,1568674
32,dogecoin,1379038,179435,1558473
28,PoliticalCompassMemes,1496784,55804,1552588
30,antiwork,1402077,105641,1507718
29,science,1459031,14410,1473441
35,AskMen,1303672,167711,1471383
36,pics,1264547,185014,1449561
33,NFTsMarketplace,1343222,55616,1398838
42,NoStupidQuestions,1063695,331663,1395358
37,nextfuckinglevel,1251005,84249,1335254
34,neoliberal,1314781,16932,1331713
44,dankmemes,1037167,278410,1315577
38,formula1,1242749,58775,1301524
41,gaming,1105132,159739,1264871
39,WhitePeopleTwitter,1203477,55370,1258847
40,iamatotalpieceofshit,1156535,31323,1187858
45,HolUp,1003195,120991,1124186
48,TrueOffMyChest,954181,157429,1111610
43,SquaredCircle,1047785,50798,1098583
54,aww,851599,204694,1056293
46,TwoXChromosomes,992565,37781,1030346
47,canada,990284,21453,1011737
49,MadeMeSmile,926234,84894,1011128
79,Showerthoughts,681679,319740,1001419
84,PokemonGoFriends,659105,324024,983129
50,RedditSessions,917652,54149,971801
52,distantsocializing,874970,47471,922441
53,ukraine,871978,43570,915548
69,196,725055,186862,911917
51,onlyfansgirls101,906982,0,906982
56,movies,820744,79304,900048
62,TooAfraidToAsk,779550,103298,882848
67,leagueoflegends,753826,109341,863167
64,mildlyinfuriating,774176,80445,854621
94,amihot,613017,227778,840795
57,MMA,810731,24474,835205
65,LivestreamFail,773616,59865,833481
55,chubby,826247,0,826247
63,europe,776578,40728,817306
60,Cringetopia,783705,31537,815242
89,Genshin_Impact,638911,165895,804806
68,PoliticalHumor,742487,59357,801844
66,technology,772108,25556,797664
71,Unexpected,719542,76414,795956
61,BlackPeopleTwitter,780255,14175,794430
58,dirtyr4r,792129,0,792129
59,FemBoys,787237,0,787237
77,Tinder,685676,85992,771668
73,Damnthatsinteresting,705173,58588,763761
92,pcmasterrace,629882,112404,742286
70,Coronavirus,720236,18480,738716
75,todayilearned,688403,50081,738484
82,redscarepod,672665,58437,731102
103,Minecraft,569678,156921,726599
72,Cricket,707554,17765,725319
135,Advice,445408,279031,724439
83,TheYouShow,670509,38525,709034
125,relationships,497072,206390,703462
78,CFB,682105,13163,695268
74,AskRedditAfterDark,690621,0,690621
76,SluttyConfessions,686332,0,686332
91,SHIBArmy,634060,52091,686151
106,sex,543532,138808,682340
81,barstoolsports,676595,4750,681345
85,Games,655019,24600,679619
80,Slut,678622,0,678622
136,selfie,444213,233988,678201
208,Market76,318359,353866,672225
86,unitedkingdom,652516,19608,672124
99,personalfinance,593908,74774,668682
87,ontario,647737,20764,668501
105,AskWomen,544669,116486,661155
