,dt,activity_count,daily_new_cases,cumulative_cases,daily_new_deaths,cumulative_deaths
0,2021-01-01,179,1797638,83677827,26840,1936946
1,2021-01-02,204,412196,84090023,8543,1945489
2,2021-01-03,187,328962,84418985,7884,1953373
3,2021-01-04,267,352863,84771848,7819,1961192
4,2021-01-05,301,384608,85156456,8838,1970030
5,2021-01-06,252,489253,85645709,11052,1981082
6,2021-01-07,177,555086,86200795,10729,1991811
7,2021-01-08,221,2117364,88318159,29701,2021512
8,2021-01-09,213,532748,88850907,11484,2032996
9,2021-01-10,217,489057,89339964,9465,2042461
10,2021-01-11,248,423698,89763662,9144,2051605
11,2021-01-12,224,383781,90147443,9761,2061366
12,2021-01-13,306,460279,90607722,11773,2073139
13,2021-01-14,224,520125,91127847,11713,2084852
14,2021-01-15,249,2201122,93328969,34951,2119803
15,2021-01-16,208,481153,93810122,11734,2131537
16,2021-01-17,191,482966,94293088,10216,2141753
17,2021-01-18,199,394486,94687574,9592,2151345
18,2021-01-19,212,352913,95040487,10455,2161800
19,2021-01-20,270,418027,95458514,11942,2173742
20,2021-01-21,217,482265,95940779,12353,2186095
21,2021-01-22,167,1840173,97780952,33964,2220059
22,2021-01-23,124,427593,98208545,12041,2232100
23,2021-01-24,161,427367,98635912,10708,2242808
24,2021-01-25,138,359070,98994982,9817,2252625
25,2021-01-26,155,303162,99298144,10492,2263117
26,2021-01-27,127,381142,99679286,11746,2274863
27,2021-01-28,189,438598,100117884,12172,2287035
28,2021-01-29,154,1561332,101679216,34004,2321039
29,2021-01-30,103,393467,102072683,11670,2332709
30,2021-01-31,128,384467,102457150,10208,2342917
31,2021-02-01,194,322038,102779188,9369,2352286
32,2021-02-02,106,275303,103054491,9387,2361673
33,2021-02-03,147,319679,103374170,10598,2372271
34,2021-02-04,131,377277,103751447,10645,2382916
35,2021-02-05,89,1317377,105068824,31414,2414330
36,2021-02-06,138,342535,105411359,9769,2424099
37,2021-02-07,96,325977,105737336,8680,2432779
38,2021-02-08,133,275658,106012994,7958,2440737
39,2021-02-09,126,243141,106256135,8194,2448931
40,2021-02-10,136,283539,106539674,9602,2458533
41,2021-02-11,184,325853,106865527,9462,2467995
42,2021-02-12,142,1053138,107918665,28360,2496355
43,2021-02-13,85,308609,108227274,9231,2505586
44,2021-02-14,100,293318,108520592,7588,2513174
45,2021-02-15,157,244164,108764756,6896,2520070
46,2021-02-16,121,231660,108996416,7319,2527389
47,2021-02-17,131,284456,109280872,7850,2535239
48,2021-02-18,105,321744,109602616,8016,2543255
49,2021-02-19,122,856680,110459296,22357,2565612
50,2021-02-20,91,302857,110762153,8280,2573892
51,2021-02-21,80,301068,111063221,7125,2581017
52,2021-02-22,161,277730,111340951,6467,2587484
53,2021-02-23,157,254988,111595939,6666,2594150
54,2021-02-24,93,297666,111893605,7296,2601446
55,2021-02-25,127,354734,112248339,7571,2609017
56,2021-02-26,112,823452,113071791,21504,2630521
57,2021-02-27,72,335809,113407600,7777,2638298
58,2021-02-28,57,323678,113731278,6666,2644964
59,2021-03-01,96,286509,114017787,6385,2651349
60,2021-03-02,117,263436,114281223,6580,2657929
61,2021-03-03,111,318954,114600177,6981,2664910
62,2021-03-04,325,367803,114967980,7639,2672549
63,2021-03-05,204,807511,115775491,21396,2693945
64,2021-03-06,134,353721,116129212,7406,2701351
65,2021-03-07,150,359909,116489121,6772,2708123
66,2021-03-08,152,307156,116796277,6331,2714454
67,2021-03-09,198,327967,117124244,6693,2721147
68,2021-03-10,189,334935,117459179,7155,2728302
69,2021-03-11,127,401776,117860955,7942,2736244
70,2021-03-12,97,799532,118660487,18254,2754498
71,2021-03-13,214,398300,119058787,8080,2762578
72,2021-03-14,128,406717,119465504,7246,2769824
73,2021-03-15,124,353311,119818815,6921,2776745
74,2021-03-16,216,334119,120152934,7077,2783822
75,2021-03-17,222,386432,120539366,7529,2791351
76,2021-03-18,192,483158,121022524,9152,2800503
77,2021-03-19,188,858729,121881253,16491,2816994
78,2021-03-20,162,459609,122340862,8976,2825970
79,2021-03-21,177,466805,122807667,8030,2834000
80,2021-03-22,133,419440,123227107,9770,2843770
81,2021-03-23,152,400630,123627737,7564,2851334
82,2021-03-24,207,460047,124087784,8200,2859534
83,2021-03-25,138,540062,124627846,9942,2869476
84,2021-03-26,145,947087,125574933,15897,2885373
85,2021-03-27,109,523816,126098749,9859,2895232
86,2021-03-28,104,523074,126621823,9150,2904382
87,2021-03-29,121,477809,127099632,8794,2913176
88,2021-03-30,197,437520,127537152,8792,2921968
89,2021-03-31,188,484713,128021865,9277,2931245
90,2021-04-01,133,584001,128605866,11281,2942526
91,2021-04-02,152,1026183,129632049,17387,2959913
92,2021-04-03,138,560702,130192751,11233,2971146
93,2021-04-04,106,492859,130685610,9387,2980533
94,2021-04-05,82,494862,131180472,8334,2988867
95,2021-04-06,113,456687,131637159,7584,2996451
96,2021-04-07,126,525318,132162477,9739,3006190
97,2021-04-08,155,666927,132829404,13260,3019450
98,2021-04-09,104,1134074,133963478,19544,3038994
99,2021-04-10,82,649921,134613399,13051,3052045
100,2021-04-11,76,664810,135278209,10900,3062945
101,2021-04-12,93,609437,135887646,10120,3073065
102,2021-04-13,150,571514,136459160,10363,3083428
103,2021-04-14,145,649520,137108680,10692,3094120
104,2021-04-15,148,734237,137842917,13049,3107169
105,2021-04-16,105,1220587,139063504,17990,3125159
106,2021-04-17,67,716271,139779775,12823,3137982
107,2021-04-18,85,747102,140526877,11204,3149186
108,2021-04-19,146,695411,141222288,11577,3160763
109,2021-04-20,134,662806,141885094,11192,3171955
110,2021-04-21,246,733773,142618867,11838,3183793
111,2021-04-22,194,827674,143446541,13782,3197575
112,2021-04-23,121,1261995,144708536,18773,3216348
113,2021-04-24,84,767039,145475575,12399,3228747
114,2021-04-25,98,775727,146251302,12245,3240992
115,2021-04-26,67,737280,146988582,12564,3253556
116,2021-04-27,138,668514,147657096,11873,3265429
117,2021-04-28,145,741710,148398806,12425,3277854
118,2021-04-29,206,827998,149226804,14535,3292389
119,2021-04-30,129,1175211,150402015,19102,3311491
120,2021-05-01,120,788403,151190418,13579,3325070
121,2021-05-02,90,766062,151956480,12259,3337329
122,2021-05-03,191,705401,152661881,12073,3349402
123,2021-05-04,160,652544,153314425,10957,3360359
124,2021-05-05,126,705870,154020295,11646,3372005
125,2021-05-06,132,800281,154820576,14162,3386167
126,2021-05-07,210,1111622,155932198,18641,3404808
127,2021-05-08,116,762523,156694721,13180,3417988
128,2021-05-09,104,758194,157452915,12095,3430083
129,2021-05-10,239,675593,158128508,11992,3442075
130,2021-05-11,168,622689,158751197,11266,3453341
131,2021-05-12,171,625420,159376617,11625,3464966
132,2021-05-13,103,721043,160097660,12991,3477957
133,2021-05-14,153,933020,161030680,16893,3494850
134,2021-05-15,125,636458,161667138,12113,3506963
135,2021-05-16,133,628590,162295728,11391,3518354
136,2021-05-17,181,589274,162885002,11684,3530038
137,2021-05-18,573,537923,163422925,11335,3541373
138,2021-05-19,395,554595,163977520,11831,3553204
139,2021-05-20,470,619073,164596593,12559,3565763
140,2021-05-21,398,810841,165407434,16539,3582302
141,2021-05-22,403,596290,166003724,12195,3594497
142,2021-05-23,292,542765,166546489,10734,3605231
143,2021-05-24,236,503972,167050461,10917,3616148
144,2021-05-25,229,429469,167479930,9257,3625405
145,2021-05-26,250,472099,167952029,10600,3636005
146,2021-05-27,206,543967,168495996,11389,3647394
147,2021-05-28,235,688907,169184903,15500,3662894
148,2021-05-29,160,487683,169672586,10896,3673790
149,2021-05-30,118,433244,170105830,10592,3684382
150,2021-05-31,97,449957,170555787,10032,3694414
151,2021-06-01,185,374492,170930279,8537,3702951
152,2021-06-02,194,391900,171322179,8960,3711911
153,2021-06-03,252,451083,171773262,10069,3721980
154,2021-06-04,273,573207,172346469,13920,3735900
155,2021-06-05,132,424163,172770632,9653,3745553
156,2021-06-06,185,361354,173131986,8495,3754048
157,2021-06-07,171,367328,173499314,8508,3762556
158,2021-06-08,126,314050,173813364,7666,3770222
159,2021-06-09,167,337574,174150938,7985,3778207
160,2021-06-10,514,367091,174518029,13359,3791566
161,2021-06-11,435,505590,175023619,13627,3805193
162,2021-06-12,278,389598,175413217,10945,3816138
163,2021-06-13,334,372931,175786148,9329,3825467
164,2021-06-14,385,352961,176139109,10295,3835762
165,2021-06-15,284,298221,176437330,8085,3843847
166,2021-06-16,267,309436,176746766,7782,3851629
167,2021-06-17,301,373709,177120475,9474,3861103
168,2021-06-18,228,484103,177604578,11514,3872617
169,2021-06-19,241,364820,177969398,8343,3880960
170,2021-06-20,283,365911,178335309,8186,3889146
171,2021-06-21,205,335773,178671082,7728,3896874
172,2021-06-22,262,299438,178970520,6735,3903609
173,2021-06-23,259,316371,179286891,6856,3910465
174,2021-06-24,223,401325,179688216,8351,3918816
175,2021-06-25,221,508640,180196856,10396,3929212
176,2021-06-26,120,383297,180580153,8061,3937273
177,2021-06-27,182,376310,180956463,7840,3945113
178,2021-06-28,182,359337,181315800,7129,3952242
179,2021-06-29,205,316309,181632109,6426,3958668
180,2021-06-30,236,347065,181979174,6517,3965185
181,2021-07-01,214,408112,182387286,8036,3973221
182,2021-07-02,125,491343,182878629,10552,3983773
183,2021-07-03,135,416214,183294843,7858,3991631
184,2021-07-04,178,402041,183696884,7396,3999027
185,2021-07-05,156,377994,184074878,7306,4006333
186,2021-07-06,176,342354,184417232,6537,4012870
187,2021-07-07,215,394562,184811794,7179,4020049
188,2021-07-08,133,468674,185280468,8058,4028107
189,2021-07-09,102,580011,185860479,9772,4037879
190,2021-07-10,81,460095,186320574,8183,4046062
191,2021-07-11,110,447748,186768322,7604,4053666
192,2021-07-12,116,424757,187193079,7585,4061251
193,2021-07-13,174,395006,187588085,7787,4069038
194,2021-07-14,199,461791,188049876,7131,4076169
195,2021-07-15,188,516798,188566674,7948,4084117
196,2021-07-16,137,715258,189281932,10036,4094153
197,2021-07-17,102,532247,189814179,8028,4102181
198,2021-07-18,100,497420,190311599,7650,4109831
199,2021-07-19,182,443554,190755153,7538,4117369
200,2021-07-20,271,416335,191171488,7092,4124461
201,2021-07-21,929,472240,191643728,19719,4144180
202,2021-07-22,307,494561,192138289,8209,4152389
203,2021-07-23,181,799648,192937937,10292,4162681
204,2021-07-24,170,513294,193451231,8363,4171044
205,2021-07-25,164,551659,194002890,8272,4179316
206,2021-07-26,208,443927,194446817,8291,4187607
207,2021-07-27,198,425598,194872415,8742,4196349
208,2021-07-28,218,528399,195400814,8257,4204606
209,2021-07-29,332,572910,195973724,9445,4214051
210,2021-07-30,180,1023813,196997537,12007,4226058
211,2021-07-31,111,541317,197538854,9095,4235153
212,2021-08-01,78,509090,198047944,8553,4243706
213,2021-08-02,147,464136,198512080,8155,4251861
214,2021-08-03,218,446954,198959034,9324,4261185
215,2021-08-04,145,521646,199480680,8691,4269876
216,2021-08-05,183,566823,200047503,9416,4279292
217,2021-08-06,256,1267686,201315189,13024,4292316
218,2021-08-07,118,558802,201873991,9640,4301956
219,2021-08-08,131,515568,202389559,8624,4310580
220,2021-08-09,142,476740,202866299,9508,4320088
221,2021-08-10,176,431867,203298166,8607,4328695
222,2021-08-11,138,523900,203822066,8654,4337349
223,2021-08-12,87,562438,204384504,9510,4346859
224,2021-08-13,80,1464393,205848897,14586,4361445
225,2021-08-14,68,563398,206412295,9314,4370759
226,2021-08-15,78,503037,206915332,8545,4379304
227,2021-08-16,123,449871,207365203,9414,4388718
228,2021-08-17,97,435641,207800844,8112,4396830
229,2021-08-18,59,517795,208318639,8652,4405482
230,2021-08-19,83,585364,208904003,9824,4415306
231,2021-08-20,119,1558294,210462297,15656,4430962
232,2021-08-21,110,533556,210995853,9113,4440075
233,2021-08-22,53,486452,211482305,8207,4448282
234,2021-08-23,107,430302,211912607,9349,4457631
235,2021-08-24,161,425441,212338048,7879,4465510
236,2021-08-25,88,524589,212862637,8971,4474481
237,2021-08-26,58,555730,213418367,9368,4483849
238,2021-08-27,102,1542232,214960599,16573,4500422
239,2021-08-28,104,528729,215489328,8681,4509103
240,2021-08-29,105,477806,215967134,8071,4517174
241,2021-08-30,84,421349,216388483,7615,4524789
242,2021-08-31,187,403768,216792251,8486,4533275
243,2021-09-01,242,467667,217259918,7591,4540866
244,2021-09-02,95,515251,217775169,8953,4549819
245,2021-09-03,82,1669140,219444309,18207,4568026
246,2021-09-04,89,488386,219932695,7954,4575980
247,2021-09-05,101,430036,220362731,7332,4583312
248,2021-09-06,140,387416,220750147,7769,4591081
249,2021-09-07,129,381674,221131821,7232,4598313
250,2021-09-08,152,444032,221575853,7530,4605843
251,2021-09-09,116,454122,222029975,7420,4613263
252,2021-09-10,95,1490224,223520199,17486,4630749
253,2021-09-11,70,435321,223955520,7250,4637999
254,2021-09-12,101,388628,224344148,6717,4644716
255,2021-09-13,71,339203,224683351,7058,4651774
256,2021-09-14,176,349781,225033132,6407,4658181
257,2021-09-15,133,397838,225430970,6737,4664918
258,2021-09-16,72,405163,225836133,7182,4672100
259,2021-09-17,126,1476164,227312297,20846,4692946
260,2021-09-18,68,409714,227722011,6607,4699553
261,2021-09-19,67,359066,228081077,5922,4705475
262,2021-09-20,57,456581,228537658,6541,4712016
263,2021-09-21,60,332777,228870435,5559,4717575
264,2021-09-22,65,377863,229248298,6194,4723769
265,2021-09-23,116,376564,229624862,6272,4730041
266,2021-09-24,107,1318903,230943765,21324,4751365
267,2021-09-25,84,379217,231322982,5477,4756842
268,2021-09-26,207,337079,231660061,5248,4762090
269,2021-09-27,221,303759,231963820,5174,4767264
270,2021-09-28,220,304514,232268334,5325,4772589
271,2021-09-29,155,353134,232621468,6133,4778722
272,2021-09-30,215,365501,232986969,6267,4784989
273,2021-10-01,130,1169075,234156044,19773,4804762
274,2021-10-02,92,361343,234517387,5580,4810342
275,2021-10-03,65,312696,234830083,5058,4815400
276,2021-10-04,76,272061,235102144,4723,4820123
277,2021-10-05,107,289071,235391215,4848,4824971
278,2021-10-06,105,343986,235735201,5227,4830198
279,2021-10-07,130,362562,236097763,5687,4835885
280,2021-10-08,157,1057358,237155121,18185,4854070
281,2021-10-09,73,342406,237497527,5393,4859463
282,2021-10-10,38,310272,237807799,5086,4864549
283,2021-10-11,73,278848,238086647,4500,4869049
284,2021-10-12,156,288929,238375576,4808,4873857
285,2021-10-13,460,352490,238728066,5600,4879457
286,2021-10-14,273,358685,239086751,5392,4884849
287,2021-10-15,190,964392,240051143,16246,4901095
288,2021-10-16,188,355991,240407134,5283,4906378
289,2021-10-17,168,321697,240728831,4827,4911205
290,2021-10-18,267,277904,241006735,4644,4915849
291,2021-10-19,599,311052,241317787,5005,4920854
292,2021-10-20,369,382785,241700572,5521,4926375
293,2021-10-21,359,390879,242091451,5401,4931776
294,2021-10-22,302,923350,243014801,17659,4949435
295,2021-10-23,359,390389,243405190,6147,4955582
296,2021-10-24,310,341957,243747147,5334,4960916
297,2021-10-25,318,300182,244047329,5021,4965937
298,2021-10-26,322,313829,244361158,5774,4971711
299,2021-10-27,275,396065,244757223,6055,4977766
300,2021-10-28,511,410112,245167335,6804,4984570
301,2021-10-29,343,908348,246075683,16221,5000791
302,2021-10-30,179,400514,246476197,5934,5006725
303,2021-10-31,135,371385,246847582,5545,5012270
304,2021-11-01,167,304540,247152122,4962,5017232
305,2021-11-02,191,318758,247470880,5614,5022846
306,2021-11-03,155,385762,247856642,6183,5029029
307,2021-11-04,286,429030,248285672,6385,5035414
308,2021-11-05,217,938413,249224085,14838,5050252
309,2021-11-06,152,419935,249644020,6502,5056754
310,2021-11-07,124,368610,250012630,5544,5062298
311,2021-11-08,241,325260,250337890,5278,5067576
312,2021-11-09,505,360682,250698572,6070,5073646
313,2021-11-10,447,456662,251155234,6544,5080190
314,2021-11-11,333,468530,251623764,6310,5086500
315,2021-11-12,275,988062,252611826,14763,5101263
316,2021-11-13,254,438510,253050336,6380,5107643
317,2021-11-14,210,393097,253443433,5588,5113231
318,2021-11-15,175,344881,253788314,5878,5119109
319,2021-11-16,251,387172,254175486,6146,5125255
320,2021-11-17,259,496202,254671688,6628,5131883
321,2021-11-18,369,504481,255176169,6870,5138753
322,2021-11-19,230,1117855,256294024,14677,5153430
323,2021-11-20,179,493171,256787195,6422,5159852
324,2021-11-21,118,429268,257216463,5147,5164999
325,2021-11-22,170,378861,257595324,5202,5170201
326,2021-11-23,210,419137,258014461,6501,5176702
327,2021-11-24,378,584722,258599183,6930,5183632
328,2021-11-25,731,548464,259147647,6802,5190434
329,2021-11-26,455,1223234,260370881,14930,5205364
330,2021-11-27,450,509079,260879960,6286,5211650
331,2021-11-28,362,448065,261328025,5748,5217398
332,2021-11-29,675,393253,261721278,5394,5222792
333,2021-11-30,499,417733,262139011,6256,5229048
334,2021-12-01,298,555098,262694109,6468,5235516
335,2021-12-02,540,566288,263260397,6764,5242280
336,2021-12-03,366,1178583,264438980,13687,5255967
337,2021-12-04,579,543082,264982062,6381,5262348
338,2021-12-05,297,471440,265453502,7700,5270048
339,2021-12-06,367,404430,265857932,5083,5275131
340,2021-12-07,606,412337,266270269,6047,5281178
341,2021-12-08,1055,553043,266823312,6205,5287383
342,2021-12-09,575,572630,267395942,6288,5293671
343,2021-12-10,314,1385633,268781575,17759,5311430
344,2021-12-11,350,526591,269308166,5976,5317406
345,2021-12-12,331,467300,269775466,4948,5322354
346,2021-12-13,232,417664,270193130,4825,5327179
347,2021-12-14,353,410534,270603664,5721,5332900
348,2021-12-15,291,584604,271188268,5897,5338797
349,2021-12-16,171,605776,271794044,5913,5344710
350,2021-12-17,267,1467303,273261347,15565,5360275
351,2021-12-18,171,578275,273839622,5396,5365671
352,2021-12-19,194,528429,274368051,4526,5370197
353,2021-12-20,249,447188,274815239,4286,5374483
354,2021-12-21,212,449498,275264737,5670,5380153
355,2021-12-22,151,666388,275931125,5717,5385870
356,2021-12-23,148,735045,276666170,5540,5391410
357,2021-12-24,177,1934310,278600480,17006,5408416
358,2021-12-25,135,759910,279360390,4847,5413263
359,2021-12-26,113,671698,280032088,3895,5417158
360,2021-12-27,135,468885,280500973,4181,5421339
361,2021-12-28,82,624568,281125541,4774,5426113
362,2021-12-29,135,1119560,282245101,5546,5431659
363,2021-12-30,191,1256573,283501674,5480,5437139
364,2021-12-31,181,3513250,287014924,15119,5452258
365,2022-01-01,123,1386794,288401718,4964,5457222
366,2022-01-02,110,1172657,289574375,3595,5460817
367,2022-01-03,119,831316,290405691,3842,5464659
368,2022-01-04,148,1074100,291479791,4484,5469143
369,2022-01-05,135,1754378,293234169,5771,5474914
370,2022-01-06,124,2055260,295289429,5376,5480290
371,2022-01-07,112,6072718,301362147,14594,5494884
372,2022-01-08,140,1834909,303197056,4838,5499722
373,2022-01-09,101,1898214,305095270,4374,5504096
374,2022-01-10,89,1763338,306858608,4059,5508155
375,2022-01-11,169,1573694,308432302,5397,5513552
376,2022-01-12,115,2302308,310734610,6142,5519694
377,2022-01-13,113,2428461,313163071,6254,5525948
378,2022-01-14,116,7804774,320967845,18699,5544647
379,2022-01-15,148,2345150,323312995,5512,5550159
380,2022-01-16,57,2248962,325561957,4868,5555027
381,2022-01-17,67,2003370,327565327,5385,5560412
382,2022-01-18,316,1865258,329430585,5872,5566284
383,2022-01-19,167,2794921,332225506,6431,5572715
384,2022-01-20,101,2923582,335149088,6500,5579215
385,2022-01-21,215,8590731,343739819,20623,5599838
386,2022-01-22,153,2940546,346680365,6503,5606341
387,2022-01-23,169,2687380,349367745,5906,5612247
388,2022-01-24,143,2379321,351747066,5559,5617806
389,2022-01-25,179,2244820,353991886,6895,5624701
390,2022-01-26,122,3047423,357039309,7309,5632010
391,2022-01-27,235,3134596,360173905,7338,5639348
392,2022-01-28,248,7427746,367601651,24156,5663504
393,2022-01-29,165,2912511,370514162,7740,5671244
394,2022-01-30,72,2635078,373149240,7090,5678334
395,2022-01-31,108,2542315,375691555,7140,5685474
396,2022-02-01,230,2148822,377840377,7627,5693101
397,2022-02-02,246,2844882,380685259,8931,5702032
398,2022-02-03,254,2860176,383545435,8655,5710687
399,2022-02-04,172,5374074,388919509,25950,5736637
400,2022-02-05,167,2644316,391563825,8785,5745422
401,2022-02-06,76,2202217,393766042,6914,5752336
402,2022-02-07,110,1942947,395708989,7949,5760285
403,2022-02-08,149,1821448,397530437,8401,5768686
404,2022-02-09,106,2684617,400215054,8972,5777658
405,2022-02-10,305,2432205,402647259,9290,5786948
406,2022-02-11,188,3743862,406391121,24877,5811825
407,2022-02-12,119,2123364,408514485,8322,5820147
408,2022-02-13,111,1769532,410284017,7673,5827820
409,2022-02-14,101,1544027,411828044,6625,5834445
410,2022-02-15,344,1532136,413360180,7497,5841942
411,2022-02-16,178,1915768,415275948,7970,5849912
412,2022-02-17,80,1959964,417235912,8083,5857995
413,2022-02-18,106,2845127,420081039,23575,5881570
414,2022-02-19,109,1770484,421851523,7916,5889486
415,2022-02-20,116,1523166,423374689,7310,5896796
416,2022-02-21,77,1293611,424668300,6389,5903185
417,2022-02-22,99,1326451,425994751,6958,5910143
418,2022-02-23,85,1719951,427714702,6875,5917018
419,2022-02-24,108,1736888,429451590,7385,5924403
420,2022-02-25,121,2176378,431627968,19715,5944118
421,2022-02-26,93,1526857,433154825,6794,5950912
422,2022-02-27,118,1245659,434400484,5120,5956032
423,2022-02-28,95,1227696,435628180,6260,5962292
424,2022-03-01,105,1201630,436829810,6103,5968395
425,2022-03-02,96,1532768,438362578,5922,5974317
426,2022-03-03,109,1561878,439924456,5658,5979975
427,2022-03-04,73,2016103,441940559,17486,5997461
428,2022-03-05,41,1610816,443551375,6054,6003515
429,2022-03-06,70,1430416,444981791,5200,6008715
430,2022-03-07,81,1289089,446270880,4907,6013622
431,2022-03-08,52,1282781,447553661,5035,6018657
432,2022-03-09,60,1753770,449307431,4920,6023577
433,2022-03-10,78,1853022,451160453,5347,6028924
434,2022-03-11,74,2005588,453166041,14526,6043450
435,2022-03-12,75,1741345,454907386,4984,6048434
436,2022-03-13,108,1778082,456685468,4414,6052848
437,2022-03-14,148,1338513,458023981,4183,6057031
438,2022-03-15,200,1532803,459556784,4364,6061395
439,2022-03-16,134,2030371,461587155,4357,6065752
440,2022-03-17,115,2209555,463796710,4835,6070587
441,2022-03-18,119,2229310,466026020,12727,6083314
442,2022-03-19,163,1728443,467754463,4325,6087639
443,2022-03-20,97,1694598,469449061,3848,6091487
444,2022-03-21,90,1165640,470614701,3892,6095379
445,2022-03-22,135,1359631,471974332,15144,6110523
446,2022-03-23,96,1993466,473967798,3768,6114291
447,2022-03-24,118,1788347,475756145,4238,6118529
448,2022-03-25,119,1861271,477617416,9843,6128372
449,2022-03-26,116,1589060,479206476,7574,6135946
450,2022-03-27,82,1365834,480572310,3174,6139120
451,2022-03-28,54,974355,481546665,2983,6142103
452,2022-03-29,94,1406585,482953250,3286,6145389
453,2022-03-30,87,1709592,484662842,3860,6149249
454,2022-03-31,89,1518271,486181113,3565,6152814
455,2022-04-01,100,1589743,487770856,8532,6161346
456,2022-04-02,71,1264336,489035192,3590,6164936
457,2022-04-03,62,1020534,490055726,2803,6167739
458,2022-04-04,53,796128,490851854,2457,6170196
459,2022-04-05,115,901485,491753339,2893,6173089
460,2022-04-06,120,1292404,493045743,2979,6176068
461,2022-04-07,110,1297777,494343520,3037,6179105
462,2022-04-08,134,1319724,495663244,6926,6186031
463,2022-04-09,81,1020296,496683540,2852,6188883
464,2022-04-10,41,847873,497531413,2532,6191415
465,2022-04-11,96,637702,498169115,2405,6193820
466,2022-04-12,93,756859,498925974,2361,6196181
467,2022-04-13,130,1040935,499966909,2499,6198680
468,2022-04-14,74,926103,500893012,2856,6201536
469,2022-04-15,27,1029017,501922029,6222,6207758
470,2022-04-16,100,800292,502722321,2134,6209892
471,2022-04-17,64,601050,503323371,2149,6212041
472,2022-04-18,45,470002,503793373,1967,6214008
473,2022-04-19,81,455740,504249113,1736,6215744
474,2022-04-20,197,642464,504891577,2280,6218024
475,2022-04-21,199,878928,505770505,2331,6220355
476,2022-04-22,116,1076995,506847500,5610,6225965
477,2022-04-23,106,665254,507512754,1968,6227933
478,2022-04-24,119,538625,508051379,1973,6229906
479,2022-04-25,151,393102,508444481,1645,6231551
480,2022-04-26,117,464229,508908710,3213,6234764
481,2022-04-27,126,647994,509556704,1983,6236747
482,2022-04-28,151,649561,510206265,2158,6238905
483,2022-04-29,292,923225,511129490,4971,6243876
484,2022-04-30,226,507318,511636808,1679,6245555
485,2022-05-01,100,412460,512049268,1767,6247322
486,2022-05-02,172,331382,512380650,1626,6248948
487,2022-05-03,320,356419,512737069,1445,6250393
488,2022-05-04,184,687737,513424806,1526,6251919
489,2022-05-05,327,524853,513949659,1750,6253669
490,2022-05-06,437,896428,514846087,4152,6257821
491,2022-05-07,302,470970,515317057,1551,6259372
492,2022-05-08,309,395176,515712233,1267,6260639
493,2022-05-09,213,385846,516098079,1290,6261929
494,2022-05-10,225,390796,516488875,1105,6263034
495,2022-05-11,195,561176,517050051,1453,6264487
496,2022-05-12,162,552144,517602195,1569,6266056
497,2022-05-13,190,1081308,518683503,3682,6269738
498,2022-05-14,121,438460,519121963,1403,6271141
499,2022-05-15,208,467001,519588964,1162,6272303
500,2022-05-16,207,399119,519988083,1129,6273432
501,2022-05-17,246,346784,520334867,1119,6274551
502,2022-05-18,195,531104,520865971,1433,6275984
503,2022-05-19,171,525872,521391843,1440,6277424
504,2022-05-20,109,1140338,522532181,5224,6282648
505,2022-05-21,95,440350,522972531,1111,6283759
506,2022-05-22,103,382817,523355348,1048,6284807
507,2022-05-23,99,359922,523715270,908,6285715
508,2022-05-24,246,305102,524020372,1078,6286793
509,2022-05-25,228,451590,524471962,1122,6287915
510,2022-05-26,344,454386,524926348,1324,6289239
511,2022-05-27,374,1113751,526040099,3709,6292948
512,2022-05-28,315,363671,526403770,1167,6294115
513,2022-05-29,307,418394,526822164,974,6295089
514,2022-05-30,339,320237,527142401,957,6296046
515,2022-05-31,318,274430,527416831,935,6296981
516,2022-06-01,305,425778,527842609,1000,6297981
517,2022-06-02,178,444665,528287274,1114,6299095
518,2022-06-03,119,1095414,529382688,3101,6302196
519,2022-06-04,101,390819,529773507,983,6303179
520,2022-06-05,87,344531,530118038,872,6304051
521,2022-06-06,162,290372,530408410,800,6304851
522,2022-06-07,175,217751,530626161,762,6305613
523,2022-06-08,276,451713,531077874,999,6306612
524,2022-06-09,162,521384,531599258,1230,6307842
525,2022-06-10,111,1219434,532818692,3536,6311378
526,2022-06-11,102,421552,533240244,1026,6312404
527,2022-06-12,110,381323,533621567,955,6313359
528,2022-06-13,155,318282,533939849,785,6314144
529,2022-06-14,159,281711,534221560,782,6314926
530,2022-06-15,75,583722,534805282,874,6315800
531,2022-06-16,85,493855,535299137,1086,6316886
532,2022-06-17,97,1176491,536475628,3265,6320151
533,2022-06-18,53,492364,536967992,1683,6321834
534,2022-06-19,44,402355,537370347,846,6322680
535,2022-06-20,84,367361,537737708,803,6323483
536,2022-06-21,180,348631,538086339,970,6324453
537,2022-06-22,256,702087,538788426,1105,6325558
538,2022-06-23,275,609219,539397645,1141,6326699
539,2022-06-24,106,1288258,540685903,3052,6329751
540,2022-06-25,44,702156,541388059,1635,6331386
541,2022-06-26,81,522757,541910816,1086,6332472
542,2022-06-27,50,444703,542355519,978,6333450
543,2022-06-28,143,435086,542790605,849,6334299
544,2022-06-29,84,816210,543606815,1325,6335624
545,2022-06-30,45,759052,544365867,1126,6336750
546,2022-07-01,112,1535829,545901696,3690,6340440
547,2022-07-02,84,850384,546752080,1815,6342255
548,2022-07-03,59,675728,547427808,1087,6343342
549,2022-07-04,79,529865,547957673,1058,6344400
550,2022-07-05,102,507240,548464913,1035,6345435
551,2022-07-06,114,1032018,549496931,1401,6346836
552,2022-07-07,81,863220,550360151,1377,6348213
553,2022-07-08,64,1660548,552020699,3875,6352088
554,2022-07-09,98,977868,552998567,2064,6354152
555,2022-07-10,106,810219,553808786,1230,6355382
556,2022-07-11,142,617493,554426279,1299,6356681
557,2022-07-12,93,573090,554999369,1209,6357890
558,2022-07-13,105,1080784,556080153,1822,6359712
559,2022-07-14,75,921347,557001500,1506,6361218
560,2022-07-15,71,1753885,558755385,4297,6365515
561,2022-07-16,67,840554,559595939,2260,6367775
562,2022-07-17,89,1016866,560612805,1486,6369261
563,2022-07-18,89,818035,561430840,1535,6370796
564,2022-07-19,160,650090,562080930,1646,6372442
565,2022-07-20,179,1015253,563096183,1951,6374393
566,2022-07-21,249,915195,564011378,1885,6376278
567,2022-07-22,255,1817014,565828392,4745,6381023
568,2022-07-23,150,971645,566800037,2486,6383509
569,2022-07-24,144,1080918,567880955,1305,6384814
570,2022-07-25,141,819847,568700802,2021,6386835
571,2022-07-26,227,701849,569402651,1727,6388562
572,2022-07-27,139,1004879,570407530,2208,6390770
573,2022-07-28,180,881888,571289418,1918,6392688
574,2022-07-29,177,1777800,573067218,5037,6397725
575,2022-07-30,133,894135,573961353,2861,6400586
576,2022-07-31,70,717883,574679236,1547,6402133
577,2022-08-01,132,1149391,575828627,2079,6404212
578,2022-08-02,77,656303,576484930,1626,6405838
579,2022-08-03,157,876492,577361422,2204,6408042
580,2022-08-04,159,818434,578179856,1815,6409857
581,2022-08-05,106,2029593,580209449,5408,6415265
582,2022-08-06,78,828443,581037892,2738,6418003
583,2022-08-07,61,845367,581883259,1488,6419491
584,2022-08-08,82,903862,582787121,2223,6421714
585,2022-08-09,94,608262,583395383,1542,6423256
586,2022-08-10,133,800478,584195861,2152,6425408
587,2022-08-11,188,764521,584960382,2031,6427439
588,2022-08-12,100,1513898,586474280,5380,6432819
589,2022-08-13,54,729498,587203778,2918,6435737
590,2022-08-14,69,590700,587794478,1581,6437318
591,2022-08-15,90,734158,588528636,1925,6439243
592,2022-08-16,158,488267,589016903,1375,6440618
593,2022-08-17,144,704596,589721499,2164,6442782
594,2022-08-18,230,763327,590484826,1852,6444634
595,2022-08-19,155,1421460,591906286,5057,6449691
596,2022-08-20,86,749527,592655813,2493,6452184
597,2022-08-21,135,635475,593291288,1496,6453680
598,2022-08-22,112,661783,593953071,1781,6455461
599,2022-08-23,56,571678,594524749,1508,6456969
600,2022-08-24,54,682405,595207154,1889,6458858
601,2022-08-25,97,680436,595887590,1664,6460522
602,2022-08-26,81,1273260,597160850,4859,6465381
603,2022-08-27,78,606028,597766878,2093,6467474
604,2022-08-28,44,343853,598110731,1351,6468825
605,2022-08-29,94,697550,598808281,1754,6470579
606,2022-08-30,112,453300,599261581,1362,6471941
607,2022-08-31,96,583866,599845447,1825,6473766
